Material:
  Name: ""
  AlbedoColor: [0, 0, 0]
  Metallic: 0.633000016
  Roughness: 0.651000023
  AO: 0
  AlbedoMap: 15294299809775585858
  MetallicMap: 14362133463429802450
  RoughnessMap: 0
  AOMap: 0
  NormalMap: 0