Scene: Untitled
Environment:
  SkyType: Procedural Sky
  AmbientColor: [0, 0, 0, 1]
  SurfaceRadius: 6360000
  AtmosphereRadius: 6380000
  RayleighScattering: [5.80000005e-06, 1.35e-05, 3.3100001e-05]
  MieScattering: [1.99999995e-05, 1.99999995e-05, 1.99999995e-05]
  SunIntensity: 2
  CenterPoint: [0, -6360000, 0]
  SunDirection: [0.200000003, 0.959169984, 0.200000003]
Entities:
  - Entity: 11288364605436360032
    TagComponent:
      Tag: sphere
    TransformComponent:
      Translation: [5.90665674, 4.51049376, -4.78338242]
      Rotation: [0, 0, 0]
      Scale: [1, 1, 1]
    MeshComponent:
      Handle: 14120982221456302503
      MaterialHandle: 15654098451383920044
  - Entity: 11038009794663084317
    TagComponent:
      Tag: " Mesh"
    TransformComponent:
      Translation: [2.72681499, 3.97020888, 2.99827008e-08]
      Rotation: [1.33668303, -0.390502512, -0.796847701]
      Scale: [1.06522071, 1.06522143, 1.06522393]
    MeshComponent:
      Handle: 7965377243735506135
      MaterialHandle: 1005281982894483555
  - Entity: 18395301505556264175
    TagComponent:
      Tag: " Mesh"
    TransformComponent:
      Translation: [-1.80176651, 3.97021151, 0.723650336]
      Rotation: [0.945057154, 0.158456609, -6.63969274e-07]
      Scale: [1.06522119, 1.06522262, 1.06522441]
    MeshComponent:
      Handle: 7965377243735506135
      MaterialHandle: 1005281982894483555
  - Entity: 16179299065134873380
    TagComponent:
      Tag: Sky Light
    TransformComponent:
      Translation: [0, 0, 0]
      Rotation: [0, 0, 0]
      Scale: [1, 1, 1]
  - Entity: 5475696775528139629
    TagComponent:
      Tag: " Mesh"
    TransformComponent:
      Translation: [0, 0, -1.1262784]
      Rotation: [0, 0, 0]
      Scale: [0.999999523, 0.999999762, 0.999996841]
    MeshComponent:
      Handle: 16572017560255591200
      MaterialHandle: 1005281982894483555
  - Entity: 7151203014152605827
    TagComponent:
      Tag: Directional Light
    TransformComponent:
      Translation: [0, 0, 0]
      Rotation: [-2.76426435, -0.147177368, -3.1415925]
      Scale: [1.00001228, 1.00000298, 1.00001061]
    DirectionalLightComponent:
      Enabled: true
      Color: [1, 1, 1]
      AmbientIntensity: 17
  - Entity: 8727327754962566871
    TagComponent:
      Tag: sphere
    TransformComponent:
      Translation: [3.87232018, 0.00935173035, -4.18735504]
      Rotation: [0, 0, 0]
      Scale: [1, 1, 1]
    MeshComponent:
      Handle: 14120982221456302503
      MaterialHandle: 15654098451383920044