Material:
  Name: ""
  AlbedoColor: [0.115597628, 0.257264107, 0.569230795]
  Metallic: 0.515999973
  Roughness: 0.352999985
  AO: 1
  AlbedoMap: 0
  MetallicMap: 0
  RoughnessMap: 0
  AOMap: 0
  NormalMap: 0