Material:
  Name: ""
  AlbedoColor: [0.204452544, 0.700288177, 0.117051058]
  Metallic: 0.592000008
  Roughness: 0.542999983
  AO: 1
  AlbedoMap: 0
  MetallicMap: 0
  RoughnessMap: 0
  AOMap: 0
  NormalMap: 0